m = 3  n= 3 
1
[0, 0, 0, 0]
[0, 0, 0, 0]
[0, 0, 1, 0]
[0, 0, 0, 0]
1
[0, 0, 0, 0]
[0, 0, 0, 0]
[0, 0, 1, 0]
[0, 0, 0, 0]


m = 3  n= 4 
1
[0, 0, 0, 0, 0]
[0, 0, 0, 0, 0]
[0, 0, 1, 1, 0]
[0, 0, 0, 0, 0]
1
[0, 0, 0, 0, 0]
[0, 0, 0, 0, 0]
[0, 0, 1, 1, 0]
[0, 0, 0, 0, 0]


m = 3  n= 5 
1
[0, 0, 0, 0, 0, 0]
[0, 0, 0, 0, 0, 0]
[0, 0, 1, 1, 1, 0]
[0, 0, 0, 0, 0, 0]
1
[0, 0, 0, 0, 0, 0]
[0, 0, 0, 0, 0, 0]
[0, 0, 1, 1, 1, 0]
[0, 0, 0, 0, 0, 0]


m = 3  n= 6 
1
[0, 0, 0, 0, 0, 0, 0]
[0, 0, 0, 0, 0, 0, 0]
[0, 0, 1, 1, 1, 1, 0]
[0, 0, 0, 0, 0, 0, 0]
1
[0, 0, 0, 0, 0, 0, 0]
[0, 0, 0, 0, 0, 0, 0]
[0, 0, 1, 1, 1, 1, 0]
[0, 0, 0, 0, 0, 0, 0]


m = 3  n= 7 
1
[0, 0, 0, 0, 0, 0, 0, 0]
[0, 0, 0, 0, 0, 0, 0, 0]
[0, 0, 1, 1, 1, 1, 1, 0]
[0, 0, 0, 0, 0, 0, 0, 0]
1
[0, 0, 0, 0, 0, 0, 0, 0]
[0, 0, 0, 0, 0, 0, 0, 0]
[0, 0, 1, 1, 1, 1, 1, 0]
[0, 0, 0, 0, 0, 0, 0, 0]


m = 3  n= 8 
1
[0, 0, 0, 0, 0, 0, 0, 0, 0]
[0, 0, 0, 0, 0, 0, 0, 0, 0]
[0, 0, 1, 1, 1, 1, 1, 1, 0]
[0, 0, 0, 0, 0, 0, 0, 0, 0]
1
[0, 0, 0, 0, 0, 0, 0, 0, 0]
[0, 0, 0, 0, 0, 0, 0, 0, 0]
[0, 0, 1, 1, 1, 1, 1, 1, 0]
[0, 0, 0, 0, 0, 0, 0, 0, 0]


m = 4  n= 3 
1
[0, 0, 0, 0]
[0, 0, 0, 0]
[0, 0, 1, 0]
[0, 0, 1, 0]
[0, 0, 0, 0]
1
[0, 0, 0, 0]
[0, 0, 0, 0]
[0, 0, 1, 0]
[0, 0, 1, 0]
[0, 0, 0, 0]


m = 4  n= 4 
3
[0, 0, 0, 0, 0]
[0, 0, 0, 0, 0]
[0, 0, 3, 1, 0]
[0, 0, 1, 1, 0]
[0, 0, 0, 0, 0]
3
[0, 0, 0, 0, 0]
[0, 0, 0, 0, 0]
[0, 0, 3, 1, 0]
[0, 0, 1, 1, 0]
[0, 0, 0, 0, 0]


m = 4  n= 5 
5
[0, 0, 0, 0, 0, 0]
[0, 0, 0, 0, 0, 0]
[0, 0, 5, 3, 1, 0]
[0, 0, 1, 1, 1, 0]
[0, 0, 0, 0, 0, 0]
5
[0, 0, 0, 0, 0, 0]
[0, 0, 0, 0, 0, 0]
[0, 0, 5, 3, 1, 0]
[0, 0, 1, 1, 1, 0]
[0, 0, 0, 0, 0, 0]


m = 4  n= 6 
7
[0, 0, 0, 0, 0, 0, 0]
[0, 0, 0, 0, 0, 0, 0]
[0, 0, 7, 5, 3, 1, 0]
[0, 0, 1, 1, 1, 1, 0]
[0, 0, 0, 0, 0, 0, 0]
7
[0, 0, 0, 0, 0, 0, 0]
[0, 0, 0, 0, 0, 0, 0]
[0, 0, 7, 5, 3, 1, 0]
[0, 0, 1, 1, 1, 1, 0]
[0, 0, 0, 0, 0, 0, 0]


m = 4  n= 7 
9
[0, 0, 0, 0, 0, 0, 0, 0]
[0, 0, 0, 0, 0, 0, 0, 0]
[0, 0, 9, 7, 5, 3, 1, 0]
[0, 0, 1, 1, 1, 1, 1, 0]
[0, 0, 0, 0, 0, 0, 0, 0]
9
[0, 0, 0, 0, 0, 0, 0, 0]
[0, 0, 0, 0, 0, 0, 0, 0]
[0, 0, 9, 7, 5, 3, 1, 0]
[0, 0, 1, 1, 1, 1, 1, 0]
[0, 0, 0, 0, 0, 0, 0, 0]


m = 4  n= 8 
11
[0, 0, 0, 0, 0, 0, 0, 0, 0]
[0, 0, 0, 0, 0, 0, 0, 0, 0]
[0, 0, 11, 9, 7, 5, 3, 1, 0]
[0, 0, 1, 1, 1, 1, 1, 1, 0]
[0, 0, 0, 0, 0, 0, 0, 0, 0]
11
[0, 0, 0, 0, 0, 0, 0, 0, 0]
[0, 0, 0, 0, 0, 0, 0, 0, 0]
[0, 0, 11, 9, 7, 5, 3, 1, 0]
[0, 0, 1, 1, 1, 1, 1, 1, 0]
[0, 0, 0, 0, 0, 0, 0, 0, 0]


m = 5  n= 3 
1
[0, 0, 0, 0]
[0, 0, 0, 0]
[0, 0, 1, 0]
[0, 0, 1, 0]
[0, 0, 1, 0]
[0, 0, 0, 0]
1
[0, 0, 0, 0]
[0, 0, 0, 0]
[0, 0, 1, 0]
[0, 0, 1, 0]
[0, 0, 1, 0]
[0, 0, 0, 0]


m = 5  n= 4 
5
[0, 0, 0, 0, 0]
[0, 0, 0, 0, 0]
[0, 0, 5, 1, 0]
[0, 0, 3, 1, 0]
[0, 0, 1, 1, 0]
[0, 0, 0, 0, 0]
5
[0, 0, 0, 0, 0]
[0, 0, 0, 0, 0]
[0, 0, 5, 1, 0]
[0, 0, 3, 1, 0]
[0, 0, 1, 1, 0]
[0, 0, 0, 0, 0]


m = 5  n= 5 
13
[0, 0, 0, 0, 0, 0]
[0, 0, 0, 0, 0, 0]
[0, 0, 13, 5, 1, 0]
[0, 0, 5, 3, 1, 0]
[0, 0, 1, 1, 1, 0]
[0, 0, 0, 0, 0, 0]
13
[0, 0, 0, 0, 0, 0]
[0, 0, 0, 0, 0, 0]
[0, 0, 13, 5, 1, 0]
[0, 0, 5, 3, 1, 0]
[0, 0, 1, 1, 1, 0]
[0, 0, 0, 0, 0, 0]


m = 5  n= 6 
25
[0, 0, 0, 0, 0, 0, 0]
[0, 0, 0, 0, 0, 0, 0]
[0, 0, 25, 13, 5, 1, 0]
[0, 0, 7, 5, 3, 1, 0]
[0, 0, 1, 1, 1, 1, 0]
[0, 0, 0, 0, 0, 0, 0]
25
[0, 0, 0, 0, 0, 0, 0]
[0, 0, 0, 0, 0, 0, 0]
[0, 0, 25, 13, 5, 1, 0]
[0, 0, 7, 5, 3, 1, 0]
[0, 0, 1, 1, 1, 1, 0]
[0, 0, 0, 0, 0, 0, 0]


m = 5  n= 7 
41
[0, 0, 0, 0, 0, 0, 0, 0]
[0, 0, 0, 0, 0, 0, 0, 0]
[0, 0, 41, 25, 13, 5, 1, 0]
[0, 0, 9, 7, 5, 3, 1, 0]
[0, 0, 1, 1, 1, 1, 1, 0]
[0, 0, 0, 0, 0, 0, 0, 0]
41
[0, 0, 0, 0, 0, 0, 0, 0]
[0, 0, 0, 0, 0, 0, 0, 0]
[0, 0, 41, 25, 13, 5, 1, 0]
[0, 0, 9, 7, 5, 3, 1, 0]
[0, 0, 1, 1, 1, 1, 1, 0]
[0, 0, 0, 0, 0, 0, 0, 0]


m = 5  n= 8 
61
[0, 0, 0, 0, 0, 0, 0, 0, 0]
[0, 0, 0, 0, 0, 0, 0, 0, 0]
[0, 0, 61, 41, 25, 13, 5, 1, 0]
[0, 0, 11, 9, 7, 5, 3, 1, 0]
[0, 0, 1, 1, 1, 1, 1, 1, 0]
[0, 0, 0, 0, 0, 0, 0, 0, 0]
61
[0, 0, 0, 0, 0, 0, 0, 0, 0]
[0, 0, 0, 0, 0, 0, 0, 0, 0]
[0, 0, 61, 41, 25, 13, 5, 1, 0]
[0, 0, 11, 9, 7, 5, 3, 1, 0]
[0, 0, 1, 1, 1, 1, 1, 1, 0]
[0, 0, 0, 0, 0, 0, 0, 0, 0]


m = 6  n= 3 
1
[0, 0, 0, 0]
[0, 0, 0, 0]
[0, 0, 1, 0]
[0, 0, 1, 0]
[0, 0, 1, 0]
[0, 0, 1, 0]
[0, 0, 0, 0]
1
[0, 0, 0, 0]
[0, 0, 0, 0]
[0, 0, 1, 0]
[0, 0, 1, 0]
[0, 0, 1, 0]
[0, 0, 1, 0]
[0, 0, 0, 0]


m = 6  n= 4 
7
[0, 0, 0, 0, 0]
[0, 0, 0, 0, 0]
[0, 0, 7, 1, 0]
[0, 0, 5, 1, 0]
[0, 0, 3, 1, 0]
[0, 0, 1, 1, 0]
[0, 0, 0, 0, 0]
7
[0, 0, 0, 0, 0]
[0, 0, 0, 0, 0]
[0, 0, 7, 1, 0]
[0, 0, 5, 1, 0]
[0, 0, 3, 1, 0]
[0, 0, 1, 1, 0]
[0, 0, 0, 0, 0]


m = 6  n= 5 
25
[0, 0, 0, 0, 0, 0]
[0, 0, 0, 0, 0, 0]
[0, 0, 25, 7, 1, 0]
[0, 0, 13, 5, 1, 0]
[0, 0, 5, 3, 1, 0]
[0, 0, 1, 1, 1, 0]
[0, 0, 0, 0, 0, 0]
25
[0, 0, 0, 0, 0, 0]
[0, 0, 0, 0, 0, 0]
[0, 0, 25, 7, 1, 0]
[0, 0, 13, 5, 1, 0]
[0, 0, 5, 3, 1, 0]
[0, 0, 1, 1, 1, 0]
[0, 0, 0, 0, 0, 0]


m = 6  n= 6 
63
[0, 0, 0, 0, 0, 0, 0]
[0, 0, 0, 0, 0, 0, 0]
[0, 0, 63, 25, 7, 1, 0]
[0, 0, 25, 13, 5, 1, 0]
[0, 0, 7, 5, 3, 1, 0]
[0, 0, 1, 1, 1, 1, 0]
[0, 0, 0, 0, 0, 0, 0]
63
[0, 0, 0, 0, 0, 0, 0]
[0, 0, 0, 0, 0, 0, 0]
[0, 0, 63, 25, 7, 1, 0]
[0, 0, 25, 13, 5, 1, 0]
[0, 0, 7, 5, 3, 1, 0]
[0, 0, 1, 1, 1, 1, 0]
[0, 0, 0, 0, 0, 0, 0]


m = 6  n= 7 
129
[0, 0, 0, 0, 0, 0, 0, 0]
[0, 0, 0, 0, 0, 0, 0, 0]
[0, 0, 129, 63, 25, 7, 1, 0]
[0, 0, 41, 25, 13, 5, 1, 0]
[0, 0, 9, 7, 5, 3, 1, 0]
[0, 0, 1, 1, 1, 1, 1, 0]
[0, 0, 0, 0, 0, 0, 0, 0]
129
[0, 0, 0, 0, 0, 0, 0, 0]
[0, 0, 0, 0, 0, 0, 0, 0]
[0, 0, 129, 63, 25, 7, 1, 0]
[0, 0, 41, 25, 13, 5, 1, 0]
[0, 0, 9, 7, 5, 3, 1, 0]
[0, 0, 1, 1, 1, 1, 1, 0]
[0, 0, 0, 0, 0, 0, 0, 0]


m = 6  n= 8 
231
[0, 0, 0, 0, 0, 0, 0, 0, 0]
[0, 0, 0, 0, 0, 0, 0, 0, 0]
[0, 0, 231, 129, 63, 25, 7, 1, 0]
[0, 0, 61, 41, 25, 13, 5, 1, 0]
[0, 0, 11, 9, 7, 5, 3, 1, 0]
[0, 0, 1, 1, 1, 1, 1, 1, 0]
[0, 0, 0, 0, 0, 0, 0, 0, 0]
231
[0, 0, 0, 0, 0, 0, 0, 0, 0]
[0, 0, 0, 0, 0, 0, 0, 0, 0]
[0, 0, 231, 129, 63, 25, 7, 1, 0]
[0, 0, 61, 41, 25, 13, 5, 1, 0]
[0, 0, 11, 9, 7, 5, 3, 1, 0]
[0, 0, 1, 1, 1, 1, 1, 1, 0]
[0, 0, 0, 0, 0, 0, 0, 0, 0]


m = 7  n= 3 
1
[0, 0, 0, 0]
[0, 0, 0, 0]
[0, 0, 1, 0]
[0, 0, 1, 0]
[0, 0, 1, 0]
[0, 0, 1, 0]
[0, 0, 1, 0]
[0, 0, 0, 0]
1
[0, 0, 0, 0]
[0, 0, 0, 0]
[0, 0, 1, 0]
[0, 0, 1, 0]
[0, 0, 1, 0]
[0, 0, 1, 0]
[0, 0, 1, 0]
[0, 0, 0, 0]


m = 7  n= 4 
9
[0, 0, 0, 0, 0]
[0, 0, 0, 0, 0]
[0, 0, 9, 1, 0]
[0, 0, 7, 1, 0]
[0, 0, 5, 1, 0]
[0, 0, 3, 1, 0]
[0, 0, 1, 1, 0]
[0, 0, 0, 0, 0]
9
[0, 0, 0, 0, 0]
[0, 0, 0, 0, 0]
[0, 0, 9, 1, 0]
[0, 0, 7, 1, 0]
[0, 0, 5, 1, 0]
[0, 0, 3, 1, 0]
[0, 0, 1, 1, 0]
[0, 0, 0, 0, 0]


m = 7  n= 5 
41
[0, 0, 0, 0, 0, 0]
[0, 0, 0, 0, 0, 0]
[0, 0, 41, 9, 1, 0]
[0, 0, 25, 7, 1, 0]
[0, 0, 13, 5, 1, 0]
[0, 0, 5, 3, 1, 0]
[0, 0, 1, 1, 1, 0]
[0, 0, 0, 0, 0, 0]
41
[0, 0, 0, 0, 0, 0]
[0, 0, 0, 0, 0, 0]
[0, 0, 41, 9, 1, 0]
[0, 0, 25, 7, 1, 0]
[0, 0, 13, 5, 1, 0]
[0, 0, 5, 3, 1, 0]
[0, 0, 1, 1, 1, 0]
[0, 0, 0, 0, 0, 0]


m = 7  n= 6 
129
[0, 0, 0, 0, 0, 0, 0]
[0, 0, 0, 0, 0, 0, 0]
[0, 0, 129, 41, 9, 1, 0]
[0, 0, 63, 25, 7, 1, 0]
[0, 0, 25, 13, 5, 1, 0]
[0, 0, 7, 5, 3, 1, 0]
[0, 0, 1, 1, 1, 1, 0]
[0, 0, 0, 0, 0, 0, 0]
129
[0, 0, 0, 0, 0, 0, 0]
[0, 0, 0, 0, 0, 0, 0]
[0, 0, 129, 41, 9, 1, 0]
[0, 0, 63, 25, 7, 1, 0]
[0, 0, 25, 13, 5, 1, 0]
[0, 0, 7, 5, 3, 1, 0]
[0, 0, 1, 1, 1, 1, 0]
[0, 0, 0, 0, 0, 0, 0]


m = 7  n= 7 
321
[0, 0, 0, 0, 0, 0, 0, 0]
[0, 0, 0, 0, 0, 0, 0, 0]
[0, 0, 321, 129, 41, 9, 1, 0]
[0, 0, 129, 63, 25, 7, 1, 0]
[0, 0, 41, 25, 13, 5, 1, 0]
[0, 0, 9, 7, 5, 3, 1, 0]
[0, 0, 1, 1, 1, 1, 1, 0]
[0, 0, 0, 0, 0, 0, 0, 0]
321
[0, 0, 0, 0, 0, 0, 0, 0]
[0, 0, 0, 0, 0, 0, 0, 0]
[0, 0, 321, 129, 41, 9, 1, 0]
[0, 0, 129, 63, 25, 7, 1, 0]
[0, 0, 41, 25, 13, 5, 1, 0]
[0, 0, 9, 7, 5, 3, 1, 0]
[0, 0, 1, 1, 1, 1, 1, 0]
[0, 0, 0, 0, 0, 0, 0, 0]


m = 7  n= 8 
681
[0, 0, 0, 0, 0, 0, 0, 0, 0]
[0, 0, 0, 0, 0, 0, 0, 0, 0]
[0, 0, 681, 321, 129, 41, 9, 1, 0]
[0, 0, 231, 129, 63, 25, 7, 1, 0]
[0, 0, 61, 41, 25, 13, 5, 1, 0]
[0, 0, 11, 9, 7, 5, 3, 1, 0]
[0, 0, 1, 1, 1, 1, 1, 1, 0]
[0, 0, 0, 0, 0, 0, 0, 0, 0]
681
[0, 0, 0, 0, 0, 0, 0, 0, 0]
[0, 0, 0, 0, 0, 0, 0, 0, 0]
[0, 0, 681, 321, 129, 41, 9, 1, 0]
[0, 0, 231, 129, 63, 25, 7, 1, 0]
[0, 0, 61, 41, 25, 13, 5, 1, 0]
[0, 0, 11, 9, 7, 5, 3, 1, 0]
[0, 0, 1, 1, 1, 1, 1, 1, 0]
[0, 0, 0, 0, 0, 0, 0, 0, 0]


m = 8  n= 3 
1
[0, 0, 0, 0]
[0, 0, 0, 0]
[0, 0, 1, 0]
[0, 0, 1, 0]
[0, 0, 1, 0]
[0, 0, 1, 0]
[0, 0, 1, 0]
[0, 0, 1, 0]
[0, 0, 0, 0]
1
[0, 0, 0, 0]
[0, 0, 0, 0]
[0, 0, 1, 0]
[0, 0, 1, 0]
[0, 0, 1, 0]
[0, 0, 1, 0]
[0, 0, 1, 0]
[0, 0, 1, 0]
[0, 0, 0, 0]


m = 8  n= 4 
11
[0, 0, 0, 0, 0]
[0, 0, 0, 0, 0]
[0, 0, 11, 1, 0]
[0, 0, 9, 1, 0]
[0, 0, 7, 1, 0]
[0, 0, 5, 1, 0]
[0, 0, 3, 1, 0]
[0, 0, 1, 1, 0]
[0, 0, 0, 0, 0]
11
[0, 0, 0, 0, 0]
[0, 0, 0, 0, 0]
[0, 0, 11, 1, 0]
[0, 0, 9, 1, 0]
[0, 0, 7, 1, 0]
[0, 0, 5, 1, 0]
[0, 0, 3, 1, 0]
[0, 0, 1, 1, 0]
[0, 0, 0, 0, 0]


m = 8  n= 5 
61
[0, 0, 0, 0, 0, 0]
[0, 0, 0, 0, 0, 0]
[0, 0, 61, 11, 1, 0]
[0, 0, 41, 9, 1, 0]
[0, 0, 25, 7, 1, 0]
[0, 0, 13, 5, 1, 0]
[0, 0, 5, 3, 1, 0]
[0, 0, 1, 1, 1, 0]
[0, 0, 0, 0, 0, 0]
61
[0, 0, 0, 0, 0, 0]
[0, 0, 0, 0, 0, 0]
[0, 0, 61, 11, 1, 0]
[0, 0, 41, 9, 1, 0]
[0, 0, 25, 7, 1, 0]
[0, 0, 13, 5, 1, 0]
[0, 0, 5, 3, 1, 0]
[0, 0, 1, 1, 1, 0]
[0, 0, 0, 0, 0, 0]


m = 8  n= 6 
231
[0, 0, 0, 0, 0, 0, 0]
[0, 0, 0, 0, 0, 0, 0]
[0, 0, 231, 61, 11, 1, 0]
[0, 0, 129, 41, 9, 1, 0]
[0, 0, 63, 25, 7, 1, 0]
[0, 0, 25, 13, 5, 1, 0]
[0, 0, 7, 5, 3, 1, 0]
[0, 0, 1, 1, 1, 1, 0]
[0, 0, 0, 0, 0, 0, 0]
231
[0, 0, 0, 0, 0, 0, 0]
[0, 0, 0, 0, 0, 0, 0]
[0, 0, 231, 61, 11, 1, 0]
[0, 0, 129, 41, 9, 1, 0]
[0, 0, 63, 25, 7, 1, 0]
[0, 0, 25, 13, 5, 1, 0]
[0, 0, 7, 5, 3, 1, 0]
[0, 0, 1, 1, 1, 1, 0]
[0, 0, 0, 0, 0, 0, 0]


m = 8  n= 7 
681
[0, 0, 0, 0, 0, 0, 0, 0]
[0, 0, 0, 0, 0, 0, 0, 0]
[0, 0, 681, 231, 61, 11, 1, 0]
[0, 0, 321, 129, 41, 9, 1, 0]
[0, 0, 129, 63, 25, 7, 1, 0]
[0, 0, 41, 25, 13, 5, 1, 0]
[0, 0, 9, 7, 5, 3, 1, 0]
[0, 0, 1, 1, 1, 1, 1, 0]
[0, 0, 0, 0, 0, 0, 0, 0]
681
[0, 0, 0, 0, 0, 0, 0, 0]
[0, 0, 0, 0, 0, 0, 0, 0]
[0, 0, 681, 231, 61, 11, 1, 0]
[0, 0, 321, 129, 41, 9, 1, 0]
[0, 0, 129, 63, 25, 7, 1, 0]
[0, 0, 41, 25, 13, 5, 1, 0]
[0, 0, 9, 7, 5, 3, 1, 0]
[0, 0, 1, 1, 1, 1, 1, 0]
[0, 0, 0, 0, 0, 0, 0, 0]


m = 8  n= 8 
1683
[0, 0, 0, 0, 0, 0, 0, 0, 0]
[0, 0, 0, 0, 0, 0, 0, 0, 0]
[0, 0, 1683, 681, 231, 61, 11, 1, 0]
[0, 0, 681, 321, 129, 41, 9, 1, 0]
[0, 0, 231, 129, 63, 25, 7, 1, 0]
[0, 0, 61, 41, 25, 13, 5, 1, 0]
[0, 0, 11, 9, 7, 5, 3, 1, 0]
[0, 0, 1, 1, 1, 1, 1, 1, 0]
[0, 0, 0, 0, 0, 0, 0, 0, 0]
1683
[0, 0, 0, 0, 0, 0, 0, 0, 0]
[0, 0, 0, 0, 0, 0, 0, 0, 0]
[0, 0, 1683, 681, 231, 61, 11, 1, 0]
[0, 0, 681, 321, 129, 41, 9, 1, 0]
[0, 0, 231, 129, 63, 25, 7, 1, 0]
[0, 0, 61, 41, 25, 13, 5, 1, 0]
[0, 0, 11, 9, 7, 5, 3, 1, 0]
[0, 0, 1, 1, 1, 1, 1, 1, 0]
[0, 0, 0, 0, 0, 0, 0, 0, 0]


